
,Copy sub 1
,Copy sub 2
,Copy sub 3
,Copy sub 4
,Copy sub 5
Resource Centers & Professional Associations,Federal Resources
Resource Centers & Professional Associations,State Resources
Resource Centers & Professional Associations,Local Resources
Resource Centers & Professional Associations,Parent Resource Centers
Resource Centers & Professional Associations,Other Nonprofit Groups
Resource Centers & Professional Associations,Support Groups
